-1.19489676687052
-0.244020949080091
-0.651431955854238
0.0839483142275323
-0.177763878666375
1.31347517944995
0.905146619005014
0.000609587236899467
-1.99379991340491
1.10855397606616
1.14984958409662
-1.69090596869902
-2.07025124961224
0.470299115549251
0.885430572131472
1.34770157253727
-0.679321834543822
3.06128900730863
-1.61620103648174
-1.552456573995
4.91727599540492
1.03659453506691
0.671489928498786
-0.93106590922885
0.379444027941997
0.558955892182722
1.25319559162147
-0.381931762188721
0.485392369001098
1.08660404503461
-2.12859311473548
-0.591681857614866
0.481751326164249
-0.847738103278395
1.94328894970557
0.1403946682582
-1.54170578815729
-2.20678897572018
0.60241489818631
0.949754847591391
0.122734672535359
0.736326282912599
0.0910859185727046
-1.12528608533526
-1.23556292385364
-2.15649662931189
0.730646860877171
0.0893797555950664
-2.19500130551037
3.0005099789327
3.59565845252902
-0.200442526370122
-1.54472435814054
0.530273159931791
1.89042614527836
-0.153305723207656
2.77335454541436
1.35924500028812
-3.45887648368318
0.233330803736444
2.86187116573229
0.0446162075727521
-0.493106024203409
-1.11891311177126
-0.731025506539021
0.924347271214071
-1.66074919082947
-1.11933074586841
1.56075077557639
0.702837836021419
-1.82485155812273
-0.317826412297186
1.81160103717567
3.62643949705064
1.35311494505486
-1.11275529686444
-1.01888151782361
2.61688352120114
-1.86727299931406
-1.84311172050482
0.24925133466486
0.529616849989901
-0.619485863564683
4.19481443203482
0.515587353503975
-2.970741181875
0.220342799641555
-1.75940634006857
0.942782200810839
1.85311802488788
1.42058807115442
-1.67779487369937
0.80382440667675
0.300898671139923
0.582146314931474
-0.517769599751078
-2.16905232806351
-1.75416702567946
1.01259037203459
0.0278694824395236
-2.34875754259896
-0.76934360127502
2.07203392925627
0.652476483034683
2.7487154328862
-0.139783382714096
-2.70823657221741
-0.176374619945641
0.759782018081506
0.599757258554374
0.358732835703738
-1.81930970905716
-2.93324626435119
1.0959321779936
0.995841060057142
-0.139783935162262
-0.555597448370098
0.453308792914821
0.649328808156841
-1.04281515466818
-0.287530661101275
-0.258192719553913
-1.1261754847596
-0.880904687727969
1.10088301862788
1.00361423461576
-1.58169254332161
-1.26693392106421
1.65928643379697
0.555216722593686
-0.843752290896468
-1.3353873884038
-0.127279391431344
1.47907986581897
0.778271704159724
-0.559541770131299
-0.105311140422323
1.76716094764891
-0.541075021606103
-0.0221352073233665
-0.22591636690609
0.349108746273998
-0.0672989616201194
-3.05862506587112
-1.17375077970171
1.83008077820036
0.419787259923345
1.15760872429341
2.50098211196686
0.487452509889853
-1.12483600322481
0.51770237825713
0.677235741092407
0.626110100948925
-1.45705708711447
1.65014017496258
-2.12621684466006
-3.71655416464417
2.31190234280168
-0.139752605956598
-2.81138460333442
-1.26968325325549
1.06762382203516
0.308913171878385
-1.19773136268462
-1.18679894195413
1.01629991667447
-0.633942275249846
1.60915234427339
0.789179815761629
0.312535289131422
-0.473694750327599
-2.07749037306977
-0.752067070332673
-0.102050419334381
2.51698884832965
-0.166007070957015
-3.46310188322255
0.425806079964592
-1.20406460042588
-0.487747670373078
1.07583549553889
2.55626426019046
0.896650400750417
0.857469724758283
-0.45678222826772
0.515557906138914
-1.65983791900854
-1.35907403450408
3.06992249979851
0.95915381881927
-3.39336302185893
0.840087831168156
0.180705963015678
-2.52634278845437
2.23718833476244
-0.798883079133766
-0.276202241368445
0.755574232640479
-0.894112276550636
1.3495912935899
0.025241940553643
-0.954544771473673
1.44230972311379
-0.512240039833589
1.12019636953322
0.0391508317576329
0.91286811324441
0.113073127776227
0.292119697221585
-1.29168276502421
-1.00014937701504
-0.054312684089224
-1.48454288557679
-0.867581941741952
0.904069214248719
1.21375107213964
2.06136765980913
-1.05424435417073
0.00805136453927757
1.51354303108701
0.41527100013815
0.471723999454087
-0.808843327408796
0.757647788139644
0.622078068974326
1.893184096523
0.0418381267068613
-2.0972751256653
-0.449711381138828
-1.01272029990066
1.17865306035303
-0.0134674892463732
1.05139794491329
2.11808129977039
-0.891749190789519
-2.39674358571914
2.60461057896364
1.8122084530268
-1.93763382114196
-1.20530007338462
3.12558725309862
0.598508827325769
0.502900470786789
1.26070763155593
0.707599283796637
-3.34904264441385
-0.795696233248695
-1.06439060106515
-1.95144911283522
1.61864226221405
4.13484967614542
-0.279856942487159
-3.13879875480957
-1.54508170875853
0.117584028188379
