2.43189769080768
6.14131162580895
8.72135062860319
4.9383421226493
0.375186958954802
1.65651652255716
4.32859779473519
9.87017968286933
4.9812999229003
2.36816696611834
3.0175583755742
3.30143537472445
7.6930936321066
4.52416804475266
1.15258257732774
1.84911023213604
7.8752517844626
9.59986754796068
5.86151453140416
0.588042781673252
1.29632127746848
5.38950197186918
5.99272733467844
0.592683129063191
-1.24934399443111
3.15389989480713
5.13475033988202
7.03024192929771
4.36589910935598
1.10443435326705
4.84956393858439
7.21721211913211
6.63316395895513
6.57008069240625
1.80083292430737
2.9933502164661
6.92845512701432
8.04294020982552
5.68915483074923
0.507871940116164
1.28884754158543
5.02215142945457
6.74386374275602
3.64425812432746
-0.150086933851284
-0.4663536291883
4.91081213507085
7.82572958158282
6.46560020352715
2.96720709225163
2.60454144027938
6.2157824658915
7.78015858015222
5.53943679893561
3.24330898300133
3.05490545117489
5.74742973409485
8.37648095887973
6.46153622100162
2.35770660818256
2.26337869876716
5.12562646404377
7.74201644765577
4.19858010760104
0.0399321324515908
0.237598794565437
3.7520500060228
6.97203897291407
3.89870426332648
0.0979363905829653
0.720080183088506
5.21885527531864
8.24770825035493
4.87055999944211
2.14365664464876
3.74061235006474
7.93041298793024
9.71100679328918
7.54892552924236
0.567824768102847
0.858776655965769
6.93163260451386
7.35470762163717
4.45413395670865
1.7042930627508
-1.37321754451345
4.12161797411258
5.75158568521174
4.83992328091403
1.43443654810799
1.6928954669398
7.32996516888118
7.17978141758419
6.07344858277169
5.11858691329859
3.39689033583629
6.28397067260148
9.5518779245722
7.89692617106475
3.98588247304607
5.24758338914188
8.80480857148383
7.34169399714477
3.65568468037548
-2.21820666573713
0.125913430327111
8.01117141139298
8.57698704425204
5.22777496991363
-0.748930284589892
4.57784076673804
7.02166996206322
5.25274160927029
1.42282916963348
2.69224808096736
3.75221758699285
12.7531843123272
10.4331435315114
5.77331734085056
1.9402833105522
2.34960741293706
7.34508654575651
6.67394272855665
2.36589282663941
1.13593504225556
0.279176231489546
5.82793881096907
7.39342126681313
5.47134225315289
-1.32796174322317
2.07582638934262
7.53556740054553
9.77934963996026
3.40807211280553
2.6118128797328
3.66925460933371
8.88507081566494
10.6732789987025
5.84653106078029
0.284913586784461
1.46243551894532
6.78401581805555
7.89444215504962
3.06889136071934
-1.27175009759233
0.680282074300823
3.11557769625382
7.27215817164004
5.58591437365398
2.11608115383654
2.36063069564046
4.90745612139614
5.6275307615826
1.99688556803237
1.36400757635188
3.84201647747462
7.90654627289064
9.56217754733407
9.38418041334468
4.88422022183118
3.2248473247967
4.95717587184848
5.9182114558682
5.74484489947437
1.43707841670823
1.5630304891416
4.9650674642115
6.68638625466574
3.71773517782886
2.17499734888282
4.69161938419469
6.91829336941994
9.2093165701264
5.54555991052035
1.93505904471996
4.29986919123883
7.55703063300386
8.27527918264204
5.42277321972368
3.55323495606065
4.34787792622119
8.26265737195576
10.2664749358326
5.95787122850146
0.10444790770969
4.03981212740261
7.73940752617024
9.36827791791569
7.60982411235054
5.38513232924742
4.72734185123936
8.82240298974337
11.8267217212405
4.28832385281511
2.0714232586882
3.84840300638352
6.86375165231141
7.96303011083535
4.79948785439766
3.11799902953574
