-0.0197811917568027
-1.71735896241703
-0.433750037112356
-1.01421343224752
0.0568419025806511
0.585204959177769
-0.16860363242996
-1.41128411492612
-2.42480728587584
-1.31360101863065
-0.87683339221552
2.45620169184124
1.78916960446116
-2.59068037145994
-3.80417509579898
-3.12493458842822
-0.293463547119006
1.5418602887655
1.08174349962651
-0.99721151114403
-2.29561096656213
1.08580757658599
4.07895751536599
3.1725064488628
1.3557406140322
-0.444723224891207
0.232479930101484
0.820666141848343
1.23634351686245
3.20576185748445
3.2498721101004
1.02907615099929
1.17474784955394
2.30174183021127
1.80870875729533
-0.0154055758532159
-0.332296680013161
1.51434330810175
0.491128674997202
-0.534796352909506
0.895087320350205
-0.321052348630849
-0.934598530834536
2.472681234156
2.15057594625413
0.802698918011231
1.50186390702319
-0.701568864969509
-2.28111450752608
-2.07468520761453
-0.878173347231714
-1.00323354609106
-1.41742852614086
0.916588828514751
2.21768508326477
1.00767529300205
0.00030287506680321
0.984019424504627
1.4444963542566
-0.335375279355056
0.843608676423887
3.87655243175373
0.883544286233319
-0.120477482734721
-0.905050417361567
-2.42032740702001
-0.222597340590941
1.18489291535188
0.490624358030939
0.462577991434832
2.15076055730192
-0.171612389313242
1.31521575305752
3.70133862985529
0.767692375511114
0.868803467408727
0.428276340908036
1.33629957937797
2.52788228597809
-1.73152362798866
-1.76866811228218
-0.282787908346216
-1.50135154565023
-0.959315096363927
-0.450633118499589
0.218798564539479
-1.11638210394323
-0.975065671152338
1.202713091618
-0.588247407751924
-1.82336317574921
-0.204704415518046
0.387135871374835
-0.0983482872130419
0.99899026059857
0.222911224795457
1.55832504748739
1.75721406496757
-1.82964522720488
-1.34937395729084
1.07872657339253
0.769861219259944
0.554673310386799
1.98540256294266
0.98283233150753
-0.0971494351866225
-1.1616614605904
0.816361601127231
1.68941466344811
-0.864566852182493
-2.804964951208
-0.574912415163845
2.32015661387289
0.595896053091947
1.18421782138342
1.86505881181476
2.96529530056978
2.74598033174394
-0.0129407601585238
1.33591616456636
1.45027118115408
-0.662936822529505
0.540888916231089
-0.519107944377186
-0.790752922626139
-0.291447493068733
-0.912995952868279
0.906833515501913
1.22346144508822
1.00267377134632
0.655075969385939
1.24129661740262
1.23772304601384
-0.240228507127927
0.9181975550694
1.62138156632597
-1.08346799321799
-0.934633622588904
0.477017376870032
-0.534975467820452
-1.97080033580595
-1.86386524326499
-1.0161076106982
-2.67235093391439
-1.56690747859589
1.12599131144607
0.392278487678593
-1.29054250524254
-0.560264903897612
-0.829729875908508
-0.13650264613863
1.51504011059805
-0.212915214834035
0.514458717402158
0.2067461483661
0.267451027601191
-0.799166264963322
-3.80363513395211
-2.33293434145503
0.984897950218065
0.467000458956919
-1.0281359030325
-1.13790361647713
0.0760090907111228
0.755780787657594
-1.05157443038355
-1.07668218423082
-0.259836431736523
-2.38736456113288
-0.374795070293435
1.8612426413321
-0.544902514552971
-0.989318536995284
-1.02614930007121
-0.427818237216892
-0.451517219906783
1.46110030384418
0.987393953077729
0.418349157071626
1.82150269372477
0.333016504917455
0.664098276485339
1.08966736990641
1.05290089707205
1.26527131801963
-1.14020519392848
-1.40119680607981
-1.07470569692635
-2.04014542182304
-1.8750570234993
-0.896811683583416
-0.808915311183692
-1.16389363338644
1.26187047079403
1.55531690189017
0.130801151536761
-0.622120926828053
0.160143282753276
0.191612992888496
-1.90423139762487
-0.251890449431748
1.37902117184762
-0.500360629317223
-1.01757367306477
0.951425776354796
2.29022723994369
-0.503285042432295
-0.716673502225642
1.39368691954567
0.61194681695551
-0.255695848586462
0.528186575131386
-0.57879552343996
-2.00176027115909
-0.212336560794935
2.32793871659867
0.351994221722226
-1.36417489621138
1.0831925350178
-0.187224324516511
0.960903082562474
0.740283048565665
-2.27725762531167
-0.328511401339748
1.62595595397862
0.30860789816806
-0.746111565147948
1.11858342098144
1.81601249914333
1.27951040741468
-0.0334684405482903
-1.28631516176627
-1.29920455412948
-0.139758893691806
