0.0742992236024844
0.224861418903082
0.21842361420368
0.170985809504277
0.196548004804875
0.178110200105473
0.0886723954060705
-0.0127654092933318
-0.0272032139927342
0.132358981307864
0.104921176608461
0.0604833719090589
-0.0719544327903435
0.148607762510254
-0.0568300421891481
0.15773215311145
0.147294348412047
0.111856543712645
0.150418739013243
0.12398093431384
0.130543129614438
0.0841053249150358
0.168667520215633
0.088229715516231
0.0177919108168287
-0.00764589388257358
0.00291630141802407
0.310478496718622
0.420040692019219
0.127602887319817
0.128165082620415
0.141727277921012
0.13328947322161
0.0768516685222079
-0.0105861361771945
0.00397605912340326
0.0865382544240009
-0.0298995502754015
0.0156626450251963
0.156224840325794
-0.0872129643736084
-0.0386507690730107
-0.149088573772413
-0.174526378471815
-0.117964183171218
-0.09840198787062
0.106160207429978
0.0697224027305754
-0.123715401968827
-0.0101532066682293
0.0764089886323684
-0.00702881606703393
-0.140466620766436
-0.222904425465839
-0.272342230165241
-0.134780034864643
-0.0562178395640455
-0.238655644263448
-0.29509344896285
-0.304531253662252
-0.292969058361655
-0.330406863061057
-0.244844667760459
-0.247282472459862
-0.067720277159264
0.0198419181413336
-0.205595886558069
-0.282033691257471
-0.168471495956873
-0.115909300656276
-0.103347105355678
-0.0547849100550803
-0.179222714754483
-0.149660519453885
-0.167098324153287
-0.0855361288526896
0.0220260664479081
-0.0744117382514942
-0.0798495429508965
-0.205287347650299
0.00127484765029881
0.0378370429508965
0.00239923825149416
-0.144038566447908
-0.0104763711473105
-0.0399141758467128
-0.0123519805461151
0.101210214754483
0.13977241005508
0.125334605355678
0.139896800656276
0.194458995956873
0.082021191257471
0.0805833865580687
0.224145581858666
0.092707777159264
-0.109730027540138
-0.106167832239541
-0.117605636938943
-0.129043441638345
-0.231481246337748
-0.0959190510371499
-0.00535685573655224
0.0372053395640455
-0.191232465135357
-0.225670269834759
-0.298108074534161
-0.0265458792335638
0.0320163160670339
-0.0344214886323685
-0.0898592933317708
0.00570290196882691
0.00326509726942461
0.0218272925700222
-0.27961051212938
-0.205048316828782
-0.140486121528185
-0.146923926227587
-0.161361730926989
-0.0167995356263917
-0.0782373403257939
-0.205675145025196
-0.0761129497245986
0.0524492455759991
-0.241988559123403
-0.203426363822806
-0.291864168522208
-0.0233019732216102
-0.109739777921013
-0.00217758262041483
0.0213846126801828
0.0599468079807804
-0.0534909967186218
0.108071198581976
-0.0943666061174265
-0.115804410816829
-0.0532422155162311
0.0923199797843666
0.0888821750849643
0.00744437038556191
0.15400656568616
0.107568760986757
-0.0478690437126451
-0.0083068484120473
0.0532553468885504
0.152817542189148
0.0103797374897457
0.219941932790343
0.410504128090941
0.156066323391539
0.125628518692136
0.260190713992734
0.310752909293332
0.315315104593929
0.284877299894527
0.315439495195125
0.251001690495722
0.22956388579632
0.147126081096918
0.233688276397515
