16441.35
16469.99
16425.1
16530.94
16462.74
16444.76
16437.05
16257.94
16373.86
16481.94
16417.01
16458.56
16414.44
16373.34
16197.35
15879.11
15837.88
15928.56
15738.79
15848.61
15698.85
15372.8
15445.24
15440.23
15628.53
15794.08
15801.79
15994.77
15963.94
16027.59
16154.39
16130.4
16040.56
16133.23
16103.3
16207.14
16179.66
16198.41
16272.65
16321.71
16168.03
16395.88
16360.18
16421.89
16452.72
16418.68
16351.25
16340.08
16108.89
16065.67
16247.22
16336.19
16222.17
16331.05
16302.77
16276.69
16367.88
16268.99
16264.23
16323.06
16457.66
16532.61
16573
16572.55
16412.71
16245.87
16256.14
16437.18
16170.22
16026.75
16173.24
16262.56
16424.85
16408.54
16449.25
16514.37
16501.65
16501.65
16361.46
16448.74
16535.37
16580.84
16558.87
16512.89
16530.55
16401.02
16518.54
16550.97
16583.34
16695.47
16715.44
16613.97
16446.81
16491.31
16511.86
16374.31
16533.06
16543.08
16606.27
16675.5
16633.18
16698.74
16717.17
16743.63
16722.34
16737.53
16836.11
16924.28
16943.1
16945.92
16843.88
16734.19
16775.74
16781.01
16808.49
16906.62
16921.46
16947.08
16937.26
16818.13
16867.51
16846.13
16851.84
16826.6
16956.07
16976.24
17068.26
17024.21
16906.62
16985.61
16915.07
16943.81
17055.42
17060.68
17138.2
16976.81
17100.18
17051.73
17113.54
17086.63
17083.8
16960.57
16982.59
16912.11
16880.36
16563.3
16493.37
16569.28
16429.47
16443.34
16368.27
16553.93
16569.98
16560.54
16651.8
16713.58
16662.91
16838.74
16919.59
16979.13
17039.49
17001.22
17076.87
17106.7
17122.01
17079.57
17098.45
17067.56
17078.28
17069.58
17137.36
17111.42
17013.87
17068.71
17049
16987.51
17031.14
17131.97
17156.85
17265.99
17279.74
17172.68
17055.87
17210.06
16945.8
17113.15
17071.22
17042.9
16804.71
16801.05
17009.69
16991.91
16719.39
16994.22
16659.25
16544.1
16321.07
16315.19
16141.74
16117.24
16380.41
16399.67
16614.81
16461.32
16677.9
16805.41
16817.94
17005.75
16974.31
17195.42
17390.52
17366.24
17383.84
17484.53
17554.47
17573.93
17613.74
17614.9
17612.2
17652.79
17634.74
17647.75
17687.82
17685.73
17719
17810.06
17817.9
17814.94
17827.75
17828.24
17776.8
17879.55
17912.62
17900.1
17958.79
17852.48
17801.2
17533.15
17596.34
17280.83
17180.84
17068.87
17356.87
17778.15
17804.8
17959.44
18024.17
18030.21
18053.71
18038.23
17983.07
17823.07
