80.9000015
83.4000015
47.7000008
47.7999992
30.7000008
12.1999998
9.60000038
10.1999998
32.4000015
47.5999985
54
62.9000015
85.9000015
61.2000008
45.0999985
36.4000015
20.8999996
11.3999996
37.7999992
69.8000031
106.099998
100.800003
81.5999985
66.5
34.7999992
30.6000004
7
19.7999992
92.5
154.399994
125.900002
84.8000031
68.0999985
38.5
22.7999992
10.1999998
24.1000004
82.9000015
132
130.899994
118.099998
89.9000015
66.5999985
60
46.9000015
41
21.2999992
16
6.4000001
4.0999999
6.80000019
14.5
34
45
43.0999985
47.5
42.2000008
28.1000004
10.1000004
8.10000038
2.5
0
1.39999998
5
12.1999998
13.8999996
35.4000015
45.7999992
41.0999985
30.1000004
23.8999996
15.6000004
6.5999999
4
1.79999995
8.5
16.6000004
36.2999992
49.5999985
64.1999969
67
70.9000015
47.7999992
27.5
8.5
13.1999998
56.9000015
121.5
138.300003
103.199997
85.6999969
64.5999985
36.7000008
24.2000008
10.6999998
15
40.0999985
61.5
98.5
124.699997
96.3000031
66.5999985
64.5
54.0999985
39
20.6000004
6.69999981
4.30000019
22.7000008
54.7999992
93.8000031
95.8000031
77.1999969
59.0999985
44
47
30.5
16.2999992
7.30000019
37.5999985
74
139
111.199997
101.599998
66.1999969
44.7000008
17
11.3000002
12.3999996
3.4000001
6
32.2999992
54.2999992
59.7000008
63.7000008
63.5
52.2000008
25.3999996
13.1000004
6.80000019
6.30000019
7.0999999
35.5999985
73
85.0999985
78
64
41.7999992
26.2000008
26.7000008
12.1000004
9.5
2.70000005
5
24.3999996
42
63.5
53.7999992
62
48.5
43.9000015
18.6000004
5.69999981
3.5999999
1.39999998
9.60000038
47.4000015
57.0999985
103.900002
80.5999985
63.5999985
37.5999985
26.1000004
14.1999998
5.80000019
16.7000008
44.2999992
63.9000015
69
77.8000031
64.9000015
35.7000008
21.2000008
11.1000004
5.69999981
8.69999981
36.0999985
79.6999969
114.400002
109.599998
88.8000031
67.8000031
47.5
30.6000004
16.2999992
9.60000038
33.2000008
92.5999985
151.600006
136.300003
134.699997
83.9000015
69.4000015
31.5
13.8999996
4.4000001
38
141.699997
190.199997
184.800003
159
112.300003
53.9000015
37.5
27.8999996
10.1999998
15.1000004
47
93.8000031
105.900002
105.5
104.5
66.5999985
68.9000015
38
34.5
15.5
12.6000004
27.5
92.5
155.399994
154.600006
140.399994
115.900002
66.5999985
45.9000015
17.8999996
13.3999996
29.3999996
100.199997
157.600006
142.600006
145.699997
94.3000031
54.5999985
29.8999996
17.5
8.60000038
21.5
64.3000031
93.1999969
119.599998
111
104
63.9000015
40.4000015
29.7999992
15.1999998
7.5
2.9000001
